5       0.16345         30205.66
10      0.21071         48597.58
15      0.38523         50011.98
20      0.4249  50039.27
25      0.41185         50069.66
30      0.45189         50044.11
35      0.72995         50081.43
40      0.71449         50073.36
45      0.73107         50097.2
50      10.41   50024.7
55      16.69   50039.07
60      12.05   50061.65
65      61.78   49949.86
70      80.24   50003.17
75      73.18   49970.52
80      109.59  49912.44
85      133.14  49867.72
90      132.7   49914.51
95      137.35  49889.42
100     100.11  49826.37
105     105.1   49821.82
110     41.87   49866.6
115     106.75  49793.42
120     162.7   49799.63
125     197.22  49843.51
130     150.24  49761.21
135     344.59  49887.07
140     104.92  49729.63
145     230.68  49667.48
150     387.12  49810.3
155     229.25  49686.93
160     396.74  49634.09
165     330.18  49570.27
170     362.19  49718.82
175     380.07  49639.34
180     473.26  49689.36
185     316.86  49717.35
190     382.34  49747.49
195     228.26  49603.81
200     457.88  49704.28
205     191.87  49581.39
210     389.7   49565.5
215     706.98  49572.61
220     578.34  49640.96
225     721.09  49662.5
230     436.72  49470.76
235     313.38  49534.48
240     366.67  49613.77
245     284.07  49360.01
250     474.88  49444.87
255     207.06  49396.8
260     666.26  49604.87
265     563.55  49566.02
270     813.62  49557.26
275     666.74  49601.55
280     789.67  49533.3
285     1170.0  49484.9
290     1160.0  49629.02
295     645.73  49343.44
300     622.74  49410.94
305     586.64  49306.8
310     412.29  49337.1
315     544.78  49391.93
320     548.54  49324.07
